01010011
01110100
01100001
01110010
01110100
00100000
01101101
01100001
01101001
01101110
00101110
00101110
00101110
00001010
01010000
01000010
00100000
01101001
01101110
01101001
01110100
01101001
01100001
01101100
01101001
01111010
01100101
01100100
00101110
00101110
00101110
00001010
01000011
01101111
01110101
01101110
01110100
01100101
01110010
00100000
01001001
01010010
01010001
00100000
01101001
01101110
01101001
01110100
01101001
01100001
01101100
01101001
01111010
01100101
01100100
00101110
00101110
00101110
00001010
01010011
01111001
01110011
01110100
01100101
01101101
00100000
01101001
01110011
00100000
01110101
01110000
00100001
00001010
01001100
01101111
01100001
01100100
01101001
01101110
01100111
00100000
01100011
01101111
01110101
01101110
01110100
01100101
01110010
00100000
01110110
01100001
01101100
01110101
01100101
00100000
00110011
00001010
01010010
01100101
01110011
01100101
01110100
01110100
01101001
01101110
01100111
00100000
01100011
01101111
01110101
01101110
01110100
01100101
01110010
00100000
01110110
01100001
01101100
01110101
01100101
00001010
01000010
01110010
01100001
01111010
01101001
01101100
00100000
01001110
01000110
01010100
00100000
00001010
